51111805572585917449687959500821239112096662561850858945220585879951003619
717520523862545360280591516650830573800569361
8092178343967039051193911023634226354020598258319704290733611719351953091358541657659577615
40182489367529355487386077746753656614615778475667135108696090209129983918913
54665019560004959145185164568497967328948602101154398289
007716666419323287215163526034831738477657551746944957052173782476245706517
4594956305866286941548151
41955967255473980228576035206434022
41022496490858268933757745832774275253663039810521864406622570072356362528690729492519642762
132708001538308976006727621807604757741762659713829192395606357160180152312253453923582
6430385122870951191706158713143405282938239775377
0
914967368510261903845099538255316489113687583399097378564820495932961936731621233501329481
895552232364388669
042328345007383208962867745888593014574
16623078727102063021841201390508214356451132836101752447980774001524
020
59713375
74992570742352359850
742895992030697778581615045251931135148973874825670177751530539617159819202327357419871
0308242398055139967977
462
59166372612643603754057669135532532330019692436353899966692184123456422384052
717319113723836
239391431820577080009250311954354958454288793964211942601021301528007300847290267567259745457
21368859658311914257733691948956610704972441073924340
4036403429707145616397834328683616596334424
892987459693102
98974392398176962094148037672034155814975544627836
790796395925099318182607600104398376640844311609207841290115207293488714359630854459
2193907719421370581
5539809340992178360689520485784505
4188066743701534934270534456271501048058319995160187251840861805022154955931585956603502666
2950444304199785720158472
5603793542631096649266256967260060483754311915101141296
65
149259
05079763
43959683035332
763198689362
184540316084965971058304831922268290749624412523802822887511614599702526102775
0858727861029287189539850668126909908978785568002807088
169099430008702527585044336683366539977135955376275410892260391081382324938064011096766159973657
203252625767
6649870556608497218099546453334039911795166288032597457624195996381
311758793868572038099032326845028607419321513402
12362355108
7741686931403585639739074331
87734594991655676375383088964430828583259988558030155988025896417680861260806852990940775923094
954373470547
81720278185935842595952372182424746212990066069372278953181199904062827
23737620334990629740812377133623112703820765908645421504577217280599
8789805148604765353638
46235870501
9961265929835
7550653467405080958751196448766685
003632931903103067765147766521247318083982700762806
77056894665730503645306151443704
117593691294666296441753686782049773167168834338445681882953838543421109435749345525
51
411230319406136377733911774728394202917377284722131884795495603162408913
78640432579597
1739236653081552365170023725180888965828254
75405343086102540662
680608
243757956243991
6483991740671372016203161302557390609377345504417459184930367764095078188624669114676243
045309831769117010558353001
6139963936764773604392045612488971755881622
08194387418982234383679294327787926972636449283
7325604644800745210012
44
230086613199118678
6694984476315647121959444
793333666434557910159060638814980029
8964591545
3588349338987803391417765634787263497308392799190258889600
936963868714308628403052784538650209027463546154381532708967364617553609313281322441453
9882506800787448629489841644056597102388418864948821617497076544623784655243619737640
1057269177
79619416946194397453453393191793759597413155973290473283856
102426097182
4776280916266997795256972178377156697950600616
3617819182045053537396135629736392560409470773766359615939430626482011861082
2923601632181161703756263844043733351658309602373108017736594511117629409924
636874211793084754944083536456601715150325604058786699734529
5509802106566783811001483043301832964384138364042007104565085613
63
0618477870720
8994000141166
3182873051982857111
026368320739264864848317
6315677202768019411
602220271944351781963626
08306450120471316901147018203709039629932780747169180804889162477804814332780738
88253135427672439
529362829597658227913266048890487583248999092737841866338671992376441094207395989415830502121771
01081258349471271598206673598899164316643616304286344684982051063714668300983351619230
995991158403891221591475287430734521622081149479773023119340595388762755061455158207291017510938
